0
0.003
0.00599398
0.00898195
0.0119639
0.0149399
0.0179098
0.0208737
0.0238316
0.0267835
0.0297294
0.0326693
0.0356032
0.038531
0.0414529
0.0443687
0.0472785
0.0501823
0.0530801
0.0559719
0.0588577
0.0617374
0.0646112
0.0674789
0.0703406
0.0731963
0.076046
0.0788897
0.0817274
0.084559
0.0873847
0.0902043
0.0930179
0.0958256
0.0986272
0.101423
0.104212
0.106996
0.109773
0.112545
0.115311
0.11807
0.120824
0.123571
0.126312
0.129048
0.131777
0.134501
0.137218
0.13993
0.142635
0.145335
0.148028
0.150715
0.153397
0.156072
0.158741
0.161405
0.164062
0.166713
0.169359
0.171998
0.174631
0.177258
0.17988
0.182495
0.185104
0.187707
0.190304
0.192896
0.195481
0.19806
0.200633
0.2032
0.205761
0.208316
0.210866
0.213409
0.215946
0.218477
0.221002
0.223521
0.226034
0.228541
0.231042
0.233537
0.236026
0.238509
0.240986
0.243457
0.245922
0.248381
0.250833
0.25328
0.255721
0.258156
0.260585
0.263008
0.265425
0.267835
0.27024
0.272639
0.275032
0.277419
0.279799
0.282174
0.284543
0.286906
0.289262
0.291613
0.293958
0.296296
0.298629
0.300956
0.303276
0.305591
0.307899
0.310202
0.312499
0.314789
0.317074
0.319352
0.321625
0.323891
0.326152
0.328406
0.330655
0.332897
0.335134
0.337364
0.339589
0.341807
0.34402
0.346226
0.348427
0.350621
0.352809
0.354992
0.357168
0.359338
0.361503
0.363661
0.365813
0.36796
0.3701
0.372234
0.374362
0.376485
0.378601
0.380711
0.382815
0.384913
0.387006
0.389092
0.391172
0.393246
0.395314
0.397376
0.399432
0.401483
0.403527
0.405565
0.407597
0.409623
0.411643
0.413657
0.415665
0.417667
0.419663
0.421653
0.423637
0.425615
0.427587
0.429553
0.431513
0.433466
0.435414
0.437356
0.439292
0.441222
0.443146
0.445064
0.446976
0.448881
0.450781
0.452675
0.454563
0.456444
0.45832
0.46019
0.462054
0.463911
0.465763
0.467609
0.469448
0.471282
0.47311
0.474931
0.476747
0.478557
0.48036
0.482158
0.483949
0.485735
0.487515
0.489288
0.491056
0.492817
0.494573
0.496322
0.498066
0.499803
0.501535
0.50326
0.504979
0.506693
0.5084
0.510102
0.511797
0.513486
0.51517
0.516847
0.518519
0.520184
0.521843
0.523496
0.525144
0.526785
0.52842
0.53005
0.531673
0.53329
0.534901
0.536506
0.538106
0.539699
0.541286
0.542867
0.544442
0.546011
0.547575
0.549132
0.550683
0.552228
0.553767
0.5553
0.556827
0.558348
0.559863
0.561372
0.562875
0.564372
0.565863
0.567348
0.568827
0.5703
0.571767
0.573228
0.574683
0.576132
0.577575
0.579011
0.580442
0.581867
0.583286
0.584699
0.586106
0.587506
0.588901
0.59029
0.591673
0.59305
0.59442
0.595785
0.597144
0.598496
0.599843
0.601184
0.602518
0.603847
0.60517
0.606486
0.607797
0.609102
0.6104
0.611693
0.612979
0.61426
0.615534
0.616803
0.618066
0.619322
0.620573
0.621817
0.623055
0.624288
0.625514
0.626735
0.627949
0.629158
0.63036
0.631556
0.632747
0.633931
0.63511
0.636282
0.637448
0.638609
0.639763
0.640911
0.642053
0.64319
0.64432
0.645444
0.646562
0.647675
0.648781
0.649881
0.650975
0.652063
0.653146
0.654222
0.655292
0.656356
0.657414
0.658466
0.659512
0.660552
0.661587
0.662615
0.663637
0.664653
0.665663
0.666667
0.667665
0.668657
0.669643
0.670623
0.671597
0.672564
0.673526
0.674482
0.675432
0.676376
0.677314
0.678246
0.679172
0.680092
0.681005
0.681913
0.682815
0.683711
0.684601
0.685484
0.686362
0.687234
0.6881
0.688959
0.689813
0.690661
0.691502
0.692338
0.693168
0.693991
0.694809
0.695621
0.696426
0.697226
0.698019
0.698807
0.699588
0.700364
0.701134
0.701897
0.702655
0.703406
0.704152
0.704891
0.705625
0.706352
0.707073
0.707789
0.708498
0.709202
0.709899
0.71059
0.711276
0.711955
0.712629
0.713296
0.713957
0.714613
0.715262
0.715905
0.716542
0.717174
0.717799
0.718418
0.719031
0.719639
0.72024
0.720835
0.721424
0.722007
0.722584
0.723156
0.723721
0.72428
0.724833
0.72538
0.725921
0.726456
0.726985
0.727508
0.728025
0.728536
0.729041
0.72954
0.730033
0.73052
0.731001
0.731476
0.731945
0.732408
0.732865
0.733316
0.733761
0.7342
0.734633
0.735059
0.73548
0.735895
0.736304
0.736707
0.737103
0.737494
0.737879
0.738258
0.738631
0.738997
0.739358
0.739713
0.740061
0.740404
0.740741
0.741071
0.741396
0.741715
0.742027
0.742334
0.742635
0.742929
0.743218
0.7435
0.743777
0.744047
0.744312
0.74457
0.744823
0.745069
0.74531
0.745544
0.745773
0.745995
0.746212
0.746422
0.746627
0.746825
0.747017
0.747204
0.747384
0.747558
0.747727
0.747889
0.748045
0.748196
0.74834
0.748478
0.74861
0.748737
0.748857
0.748971
0.749079
0.749182
0.749278
0.749368
0.749452
0.74953
0.749602
0.749669
0.749729
0.749783
0.749831
0.749873
0.749909
0.749939
0.749963
0.749981
0.749993
0.749999
0.749999
0.749993
0.749981
0.749963
0.749939
0.749909
0.749873
0.749831
0.749783
0.749729
0.749669
0.749602
0.74953
0.749452
0.749368
0.749278
0.749182
0.749079
0.748971
0.748857
0.748737
0.74861
0.748478
0.74834
0.748196
0.748045
0.747889
0.747727
0.747558
0.747384
0.747204
0.747017
0.746825
0.746627
0.746422
0.746212
0.745995
0.745773
0.745544
0.74531
0.745069
0.744823
0.74457
0.744312
0.744047
0.743777
0.7435
0.743218
0.742929
0.742635
0.742334
0.742027
0.741715
0.741396
0.741071
0.740741
0.740404
0.740061
0.739713
0.739358
0.738997
0.738631
0.738258
0.737879
0.737494
0.737103
0.736707
0.736304
0.735895
0.73548
0.735059
0.734633
0.7342
0.733761
0.733316
0.732865
0.732408
0.731945
0.731476
0.731001
0.73052
0.730033
0.72954
0.729041
0.728536
0.728025
0.727508
0.726985
0.726456
0.725921
0.72538
0.724833
0.72428
0.723721
0.723156
0.722584
0.722007
0.721424
0.720835
0.72024
0.719639
0.719031
0.718418
0.717799
0.717174
0.716542
0.715905
0.715262
0.714613
0.713957
0.713296
0.712629
0.711955
0.711276
0.71059
0.709899
0.709202
0.708498
0.707789
0.707073
0.706352
0.705625
0.704891
0.704152
0.703406
0.702655
0.701897
0.701134
0.700364
0.699588
0.698807
0.698019
0.697226
0.696426
0.695621
0.694809
0.693991
0.693168
0.692338
0.691502
0.690661
0.689813
0.688959
0.6881
0.687234
0.686362
0.685484
0.684601
0.683711
0.682815
0.681913
0.681005
0.680092
0.679172
0.678246
0.677314
0.676376
0.675432
0.674482
0.673526
0.672564
0.671597
0.670623
0.669643
0.668657
0.667665
0.666667
0.665663
0.664653
0.663637
0.662615
0.661587
0.660552
0.659512
0.658466
0.657414
0.656356
0.655292
0.654222
0.653146
0.652063
0.650975
0.649881
0.648781
0.647675
0.646562
0.645444
0.64432
0.64319
0.642053
0.640911
0.639763
0.638609
0.637448
0.636282
0.63511
0.633931
0.632747
0.631556
0.63036
0.629158
0.627949
0.626735
0.625514
0.624288
0.623055
0.621817
0.620573
0.619322
0.618066
0.616803
0.615534
0.61426
0.612979
0.611693
0.6104
0.609102
0.607797
0.606486
0.60517
0.603847
0.602518
0.601184
0.599843
0.598496
0.597144
0.595785
0.59442
0.59305
0.591673
0.59029
0.588901
0.587506
0.586106
0.584699
0.583286
0.581867
0.580442
0.579011
0.577575
0.576132
0.574683
0.573228
0.571767
0.5703
0.568827
0.567348
0.565863
0.564372
0.562875
0.561372
0.559863
0.558348
0.556827
0.5553
0.553767
0.552228
0.550683
0.549132
0.547575
0.546011
0.544442
0.542867
0.541286
0.539699
0.538106
0.536506
0.534901
0.53329
0.531673
0.53005
0.52842
0.526785
0.525144
0.523496
0.521843
0.520184
0.518519
0.516847
0.51517
0.513486
0.511797
0.510102
0.5084
0.506693
0.504979
0.50326
0.501535
0.499803
0.498066
0.496322
0.494573
0.492817
0.491056
0.489288
0.487515
0.485735
0.483949
0.482158
0.48036
0.478557
0.476747
0.474931
0.47311
0.471282
0.469448
0.467609
0.465763
0.463911
0.462054
0.46019
0.45832
0.456444
0.454563
0.452675
0.450781
0.448881
0.446976
0.445064
0.443146
0.441222
0.439292
0.437356
0.435414
0.433466
0.431513
0.429553
0.427587
0.425615
0.423637
0.421653
0.419663
0.417667
0.415665
0.413657
0.411643
0.409623
0.407597
0.405565
0.403527
0.401483
0.399432
0.397376
0.395314
0.393246
0.391172
0.389092
0.387006
0.384913
0.382815
0.380711
0.378601
0.376485
0.374362
0.372234
0.3701
0.36796
0.365813
0.363661
0.361503
0.359338
0.357168
0.354992
0.352809
0.350621
0.348427
0.346226
0.34402
0.341807
0.339589
0.337364
0.335134
0.332897
0.330655
0.328406
0.326152
0.323891
0.321625
0.319352
0.317074
0.314789
0.312499
0.310202
0.307899
0.305591
0.303276
0.300956
0.298629
0.296296
0.293958
0.291613
0.289262
0.286906
0.284543
0.282174
0.279799
0.277419
0.275032
0.272639
0.27024
0.267835
0.265425
0.263008
0.260585
0.258156
0.255721
0.25328
0.250833
0.248381
0.245922
0.243457
0.240986
0.238509
0.236026
0.233537
0.231042
0.228541
0.226034
0.223521
0.221002
0.218477
0.215946
0.213409
0.210866
0.208316
0.205761
0.2032
0.200633
0.19806
0.195481
0.192896
0.190304
0.187707
0.185104
0.182495
0.17988
0.177258
0.174631
0.171998
0.169359
0.166713
0.164062
0.161405
0.158741
0.156072
0.153397
0.150715
0.148028
0.145335
0.142635
0.13993
0.137218
0.134501
0.131777
0.129048
0.126312
0.123571
0.120824
0.11807
0.115311
0.112545
0.109773
0.106996
0.104212
0.101423
0.0986272
0.0958256
0.0930179
0.0902043
0.0873847
0.084559
0.0817274
0.0788897
0.076046
0.0731963
0.0703406
0.0674789
0.0646112
0.0617374
0.0588577
0.0559719
0.0530801
0.0501823
0.0472785
0.0443687
0.0414529
0.038531
0.0356032
0.0326693
0.0297294
0.0267835
0.0238316
0.0208737
0.0179098
0.0149399
0.0119639
0.00898195
0.00599398
0.003
0
