7.88861e-29
3.90486e-27
1.27559e-25
3.0933e-24
5.93914e-23
9.40364e-22
1.26277e-20
1.46797e-19
1.5006e-18
1.36554e-17
1.11726e-16
8.28636e-16
5.60923e-15
3.48574e-14
1.99849e-13
1.0617e-12
5.24603e-12
2.419e-11
1.04399e-10
4.22816e-10
1.61073e-09
5.78398e-09
1.96152e-08
6.29322e-08
1.91314e-07
5.51867e-07
1.51252e-06
3.94337e-06
9.79043e-06
2.31707e-05
5.23209e-05
0.000112817
0.000232471
0.000458105
0.000863856
0.00155974
0.00269793
0.00447288
0.00711073
0.0108439
0.0158691
0.0222923
0.0300686
0.0389526
0.0484743
0.0579584
0.0665905
0.073527
0.0780287
0.0795892
0.0780287
0.073527
0.0665905
0.0579584
0.0484743
0.0389526
0.0300686
0.0222923
0.0158691
0.0108439
0.00711073
0.00447288
0.00269793
0.00155974
0.000863856
0.000458105
0.000232471
0.000112817
5.23209e-05
2.31707e-05
9.79043e-06
3.94337e-06
1.51252e-06
5.51867e-07
1.91314e-07
6.29322e-08
1.96152e-08
5.78398e-09
1.61073e-09
4.22816e-10
1.04399e-10
2.419e-11
5.24603e-12
1.0617e-12
1.99849e-13
3.48574e-14
5.60923e-15
8.28636e-16
1.11726e-16
1.36554e-17
1.5006e-18
1.46797e-19
1.26277e-20
9.40364e-22
5.93914e-23
3.0933e-24
1.27559e-25
3.90486e-27
7.88861e-29
7.88861e-31
