395.935
512.984
241.658
377.821
412.971
412.971
412.971
412.971
412.971
412.971
399.909
288.875
46.1055
392.686
412.971
412.971
241.584
412.971
166.692
412.971
297.033
292.021
412.971
401.6
387.433
510.985
506.446
408.893
322.585
429.331
546.041
249.004
412.971
530.07
369.83
219.23
350.629
671.772
475.294
412.971
550.51
412.971
358.778
412.971
552.195
354.233
436.2
412.971
392.411
415.422
530.902
399.291
560.386
543.14
309.165
406.761
368.164
412.971
213.733
663.186
519.294
417.782
512.283
412.971
446.691
412.971
350.604
412.971
412.971
412.971
412.971
592.827
520.846
412.971
446.194
412.971
412.971
293.474
325.965
519.68
260.704
412.971
412.971
338.404
437.655
596.605
256.331
406.056
366.269
718.524
454.866
412.971
495.357
518.232
412.971
365.587
566.945
387.456
468.787
100.498
269.39
456.352
337.921
434.962
412.971
185.908
327.478
486.308
412.971
412.971
492.927
325.839
466.632
386.417
471.533
412.971
412.971
458.492
361.491
412.971
330.066
561.193
246.962
434.379
412.971
324.607
407.358
353.908
240.601
310.274
365.947
412.971
430.19
573.347
243.359
102.98
511.792
381.786
323.464
504.46
488.97
446.227
252.485
379.17
547.289
667.689
338.316
412.971
268.554
158.067
412.971
329.341
497.871
273.757
412.971
450.755
412.971
493.213
412.971
484.203
561.437
396.273
336.269
261.361
413.433
546.37
339.266
427.611
412.971
373.217
548.046
285.358
412.971
412.971
310.122
151.352
256.107
466.621
404.872
104.3
412.971
412.971
412.971
412.971
412.971
349.912
572.597
474.159
413.697
379.497
412.971
462.607
270.37
412.971
454.363
412.971
302.765
503.682
412.971
441.987
412.971
445.91
412.971
412.971
398.822
412.971
545.481
531.721
412.971
441.96
341.566
419.515
503.771
412.971
412.971
412.971
355.345
223.727
311.964
443.843
497.681
412.971
322.373
412.971
369.865
388.976
215.45
539.46
391.324
423.708
300.147
412.971
536.582
412.971
150.213
449.411
561.719
272.203
404.686
268.906
421.142
334.201
406.908
412.971
515.95
226.113
331.424
412.971
412.971
201.773
434.436
412.971
412.971
358.502
778.349
237.414
412.971
350.807
452.699
412.971
412.971
315.397
219.241
412.971
452.199
469.625
412.971
434.936
418.823
503.469
107.648
714.156
580.264
276.959
369.033
288.005
412.971
412.971
472.39
516.508
215.505
412.971
412.971
368.166
423.948
412.971
436.104
498.19
412.971
470.051
498.656
570.991
435.527
187.7
470.894
412.971
486.04
292.57
449.738
380.625
412.971
517.675
412.971
454.444
503.179
157.053
326.156
640.677
121.989
345.374
511.792
475.845
394.978
580.699
412.971
499.016
412.971
370.765
412.971
412.971
348.171
412.971
327.698
332.36
412.971
372.593
502.923
412.971
425.022
381.766
449.547
412.971
516.787
412.971
205.541
261.575
412.971
559.469
301.839
382.83
369.802
360.987
401.604
412.971
334.561
412.971
412.971
412.971
467.73
412.971
281.351
412.971
412.971
157.149
380.093
205.902
229.535
412.971
661.426
317.931
412.971
597.303
412.971
412.971
447.602
412.971
627.069
412.971
375.474
412.971
142.22
371.857
527.968
448.867
406.938
250.932
412.971
412.971
236.382
413.62
557.113
373.511
539.008
412.971
416.888
412.971
196.276
412.971
439.423
412.971
161.03
412.971
242.484
548.698
348.024
412.971
170.446
492.622
285.979
430.561
404.656
420.931
480.163
412.971
500.733
399.283
412.971
412.971
412.971
413.437
433.916
446.583
374.167
417.399
480.594
190.185
697.721
382.448
412.971
412.971
205.511
363.227
187.637
570.748
350.847
328.931
416.838
412.971
310.975
337.734
411
524.673
412.971
528.072
412.971
461.735
393.092
412.971
415.862
441.721
585.966
412.971
412.971
234.921
412.971
412.971
247.47
236.553
360.944
412.971
543.883
427.023
412.616
393.432
412.971
467.895
471.025
580.198
412.971
402.807
308.923
364.632
412.971
412.971
445.287
531.271
436.327
412.971
476.021
412.971
182.226
236.238
412.971
412.971
423.514
240.55
524.877
517.726
412.971
412.971
343.906
412.971
665.638
412.971
412.971
412.971
412.971
463.098
412.971
336.987
212.355
486.637
404.501
470.325
395.419
379.756
433.537
320.099
209.799
412.971
395.55
480.138
773.438
412.971
412.971
524.524
385.949
412.971
412.971
347.682
365.625
412.971
489.153
412.971
508.998
413.742
363.47
409.812
506.807
206.17
277.406
111.688
349.102
345.912
533.477
412.971
252.052
412.971
463.613
632.755
347.144
225.502
420.572
444.754
412.971
564.899
415.907
557.084
412.971
474.263
224.172
528.397
623.207
412.971
468.551
509.516
412.971
332.199
412.971
126.381
303.816
353.002
469.312
635.469
502.593
556.29
420.917
296.48
412.971
408.945
412.971
412.971
412.971
412.971
553.547
190.054
540.641
412.971
367.203
539.182
277.933
359.867
184.841
189.09
502.391
412.971
336.032
441.616
354.605
408.338
273.623
337.963
412.971
412.971
412.971
367.798
521
412.971
412.971
332.007
476.718
456.325
452.28
445.545
412.971
276.854
473.85
481.271
516.742
203.982
401.156
412.971
489.663
285.366
412.971
510.729
488.113
400.411
479.535
412.971
637.149
414.183
230.021
412.971
583.066
539.918
283.304
413.857
618.836
421.608
401.083
537.604
734.197
354.996
412.971
237.311
263.485
412.971
397.964
412.971
412.971
441.11
412.971
412.971
131.433
272.937
412.971
341.959
470.194
209.333
468.427
508.45
553.419
412.971
561.345
430.212
493.308
269.972
369.069
412.971
256.265
423.934
565.94
569.832
264.927
349.38
431.378
412.971
370.106
412.971
448.126
468.263
412.971
423.907
412.971
558.963
319.118
412.971
412.971
310.456
535.622
308.717
410.192
412.971
546.121
423.365
419.777
412.971
412.971
276.076
412.971
412.971
262.466
364.326
354.377
183.277
380.931
403.014
306.1
407.05
440.942
208.114
541.422
452.635
388.118
387.06
310.812
418.573
513.871
373.105
130.01
412.971
230.741
376.14
412.971
412.971
586.601
312.363
412.971
175.497
248.589
207.811
519.771
494.173
479.139
117.316
375.084
414.291
567.571
318.052
458.36
516.713
508.356
270.196
412.971
267.504
412.971
620.768
412.971
456.899
295.613
361.548
501.191
583.746
225.932
453.411
515.06
412.971
412.971
481.089
309.885
412.971
250.282
395.724
412.971
609.978
495.655
412.971
412.971
669.103
412.971
314.353
224.2
412.971
553.045
412.971
190.782
412.971
381.276
427.403
459.746
398.772
403.21
482.759
197.674
515.226
412.971
506.426
412.971
265.932
460.307
587.459
456.185
417.301
455.774
544.907
412.971
412.971
267.704
412.971
412.971
469.417
412.507
412.971
407.854
289.039
391.804
430.68
176.35
412.971
412.971
177.909
374.01
422.02
412.971
472.891
607.247
477.674
348.121
412.971
365.506
349.267
407.034
433.05
412.971
412.971
412.971
412.971
464.36
412.971
412.971
282.431
433.22
710.789
322.307
354.98
412.971
307.107
412.971
404.027
412.971
401.816
309.099
342.403
543.835
422.1
412.971
412.971
371.724
412.971
406.91
333.753
412.971
412.971
281.642
467.518
412.971
412.971
245.534
387.943
223.858
447.177
253.844
484.599
372.605
420.636
485.317
337.511
213.335
374.268
439.236
316.457
366.351
412.971
412.971
412.971
339.731
602.574
475.617
261.956
413.178
398.255
351.777
412.971
527.134
412.971
431.394
412.971
201.71
513.949
412.971
436.012
398.263
410.223
359.541
367.072
350.257
332.407
559.99
417.217
422.386
426.751
379.764
273.376
255.68
412.971
425.51
534.387
522.256
317.854
412.971
383.511
157.957
310.124
412.971
77.569
492.218
452.52
654.842
412.971
412.971
412.971
102
613.084
399.422
412.971
412.971
156.99
517.351
412.971
116.132
409.395
412.971
412.971
516.328
504.639
270.518
583.658
473.156
412.971
265.443
340.058
491.783
442.175
499.982
412.971
412.971
350.677
581.933
453.579
518.097
385.444
469.822
327.701
68.4158
334.799
412.971
343.812
394.337
309.036
362.936
449.479
347.528
283.911
376.847
321.162
412.971
529.689
412.971
341.652
333.294
497.503
419.884
409.358
214.465
412.971
484.737
561.115
213.756
482.68
412.971
523.876
467.747
391.795
445.658
323.816
365.589
146.803
368.466
141.991
221.724
466.905
412.971
355.431
618.323
412.971
411.485
186.95
411.607
401.757
212.703
412.971
412.971
412.971
580.4
120.391
457.589
412.971
356.847
412.971
412.971
412.971
412.971
613.541
405.088
628.818
434.836
273.639
412.971
412.971
346.343
323.274
340.427
412.971
533.674
402.58
433.487
355.354
531.784
247.987
373.849
412.971
375.365
433.891
655.274
412.971
412.971
396.342
425.654
355.823
489.508
412.971
199.117
514.194
557.847
627.914
560.058
377.901
290.144
376.893
412.971
415.913
500.538
412.971
193.678
377.885
415.452
223.491
412.971
239.548
532.359
306.356
376.94
395.217
359.297
557.004
521.721
489.293
557.526
338.63
323.579
375.313
356.167
331.649
378.865
273.183
550.029
344.52
412.971
412.971
456.134
412.971
412.971
107.418
412.971
391.36
604.105
293.647
368.569
427.348
412.971
201.291
365.24
412.971
412.971
285.813
448.887
115.49
224.886
468.118
336.054
426.541
195.512
424.388
311.531
527.257
398.547
168.681
451.906
544.811
427.476
412.971
468.951
332.81
513.106
246.488
330.894
507.116
342.272
412.971
334.572
412.971
589.137
296.108
408.733
550.927
412.971
591.714
289.553
412.971
412.971
412.971
412.971
517.857
412.971
412.971
412.971
412.971
478.281
412.971
318.701
438.603
168.119
412.971
412.971
316.362
466.579
442.041
412.971
454.045
550.482
441.142
412.971
539.618
412.971
412.971
412.971
402.078
340.67
494.888
421.59
496.024
266.075
412.971
391.89
210.148
412.971
446.793
465.924
398.406
274.663
412.971
340.701
436.231
412.971
359.339
274.155
412.971
388.354
517.162
395.776
181.982
412.971
412.971
412.971
437.794
620.942
382
523.311
412.971
405.184
180.007
287.109
412.971
296.625
412.971
440.206
308.635
330.112
381.857
412.971
412.971
284.344
536.078
413.218
351.047
555.209
161.839
412.971
312.881
134.04
280.456
338.624
315.14
499.379
519.166
625.452
409.054
495.398
471.237
517.576
412.971
412.971
412.971
312.318
432.835
346.911
392.922
201.396
497.228
412.971
412.971
418.224
412.971
422.358
394.599
412.971
401.049
561.86
251.703
352.142
448.817
428.756
328.059
438.415
396.071
412.971
412.971
492.368
394.92
412.971
412.971
464.955
441.254
412.971
90.5254
345.509
439.215
554.041
412.971
352.168
462.402
415.617
412.971
412.971
374.51
412.971
412.971
532.207
412.971
513.568
467.135
370.934
412.971
412.971
62.2836
412.971
556.665
416.977
249.087
313.229
438.506
473.174
412.971
412.971
360.696
293.543
408.931
412.971
389.291
412.971
412.971
548.235
265.252
412.971
236.411
244.487
412.971
461.281
392.295
412.971
519.816
467.012
412.971
412.971
257.24
474.188
220.793
308.233
412.971
291.671
412.971
495.763
412.971
425.135
347.086
295.047
269.631
482.553
339.573
373.499
366.878
580.824
441.21
354.867
412.971
412.971
521.961
412.971
548.748
473.391
739.241
392.015
434.685
479.159
146.416
412.971
524.848
618.126
412.971
361.081
652.94
412.971
436.063
526.081
400.335
412.971
316.494
292.69
492.797
548.718
332.502
431.619
413.543
530.463
271.97
339.558
243.423
510.951
475.635
527.089
412.971
511.723
343.735
412.971
482.283
163.545
412.971
616.175
607.232
63.5822
492.327
477.575
431.742
463.631
593.495
412.971
318.026
276.291
272.783
311.376
259.898
412.971
233.859
433.108
171.512
571.144
308.047
374.487
182.239
412.971
412.971
430.458
401.682
412.971
412.971
412.971
422.069
346.348
460.345
384.953
420.749
360.913
412.971
412.971
289.004
501.467
358.255
421.047
386.453
284.416
421.27
611.443
445.222
412.971
480.768
660.306
273.651
412.971
412.971
393.145
636.632
412.971
200.685
412.971
352.98
162.624
121.244
433.95
445.437
449.361
502.99
256.194
204.149
395.766
412.971
412.971
340.872
412.971
324.36
412.971
469.992
281.244
404.488
522.802
412.971
426.531
412.971
263.151
506.781
240.174
342.094
412.971
412.971
303.009
412.971
503.357
285.721
502.726
396.833
405.977
136.91
412.971
354.032
329.974
412.971
412.971
294.523
388.969
412.971
456.663
363.348
412.971
378.267
412.971
598.138
304.898
412.971
392.722
444.826
477.313
448.449
400.187
407.348
412.971
567.498
363.634
380.197
610.477
501
407.257
412.971
517.168
499.035
294.716
511.232
327.438
401.947
503.68
275.292
539.713
483.668
412.971
412.971
275.129
412.971
412.971
492.204
412.971
410.122
371.355
677.813
650.855
412.971
479.238
430.324
270.994
412.971
412.318
492.492
512.562
477.843
339.205
369.128
328.363
412.971
465.724
412.971
527.727
448.592
361.671
300.586
517.768
412.971
218.162
189.893
659.56
593.222
412.971
412.971
412.971
495.672
412.971
297.671
689.52
258.858
414.062
127.986
475.406
364.173
97.9538
482.715
451.612
412.971
229.302
522.988
359.523
624.075
412.971
426.245
361.47
356.911
365.451
412.971
392.8
412.971
458.308
412.176
268.012
491.716
412.971
325.825
396.557
354.452
198.263
402.185
568.677
451.071
344.908
516.033
375.662
495.527
418.327
412.971
402.273
245.69
359.541
417.401
412.971
412.971
462.646
380.761
210.041
411.38
412.971
412.971
253.146
415.7
412.971
544.833
412.971
342.729
435.923
267.481
412.971
412.971
284.861
390.732
412.971
465.295
362.465
412.971
374.122
435.527
144.227
360.514
456.173
364.322
289.983
412.971
412.971
412.971
412.971
373.384
449.818
379.422
395.049
376.818
569.789
412.971
552.408
344.288
332.307
527.661
412.971
412.971
522.283
207.633
326.448
430.868
221.553
412.971
410.18
412.971
323.181
460.06
460.383
412.971
335.648
412.971
511.633
389.601
412.971
285.297
395.369
347.133
412.971
254.578
476.31
241.97
407.449
412.971
356.755
474.609
401.126
448.265
412.971
762.698
317.288
455.21
412.971
412.971
412.971
261.702
611.361
382.701
357.774
412.971
412.971
412.971
502.286
373.785
242.211
481.392
382.844
412.971
412.971
412.971
437.645
412.971
412.141
412.971
212.241
412.971
241.833
461.379
412.971
420.969
412.971
546.832
412.971
412.971
383.341
558.821
412.971
556.271
464.856
217.071
251.678
303.779
315.989
412.971
367.194
842.227
280.329
458.954
127.3
499.274
489.404
412.971
210.371
412.971
372.093
412.971
412.971
457.943
412.971
371.121
275.262
280.083
581.246
412.971
412.971
412.971
571.485
435.612
260.511
385.722
507.073
536.667
412.971
412.971
456.166
412.971
255.425
208.885
412.971
175.733
296.468
198.382
453.723
447.345
259.182
321.484
412.971
412.971
521.715
412.971
482.498
412.971
412.971
345.101
443.46
412.971
300.217
181.427
412.971
304.127
335.007
567.057
309.914
572.257
412.971
347.142
448.581
339.833
492.135
505.834
429.645
518.992
296.686
412.971
412.971
509.96
615.445
472.654
504.135
412.971
365.03
197.325
412.971
167.025
428.292
373.942
522.176
370.69
271.992
412.971
331.17
318.535
669.502
320.304
498.979
304.789
412.971
381.392
324.821
412.971
353.991
413.145
362.485
269.459
498.038
339.484
412.971
479.924
400.729
236.409
335.956
399.306
389.968
474.688
441.826
500.756
217.842
422.648
462.447
324.091
412.971
412.971
361.155
412.971
412.971
412.971
336.901
465.172
412.971
545.085
384.339
376.469
430.314
412.971
412.971
413.877
391.535
494.38
437.458
667.739
346.664
412.971
276.381
412.971
412.971
195.691
412.971
353.028
412.971
412.971
228.152
412.971
255.355
412.971
412.971
412.971
343.997
476.082
412.971
656.354
396.394
326.361
412.971
403.659
412.971
433.09
477.538
412.971
467.23
508.937
271.065
560.013
403.216
412.971
431.541
556.383
460.346
508.366
509.953
375.471
277.138
412.971
296.447
507.647
412.971
428.828
316.044
602.034
390.754
212.267
425.227
158.751
412.971
144.921
400.354
428.968
414.413
557.198
412.971
496.039
324.313
412.971
383.885
412.971
471.699
412.971
441.828
412.971
287.56
412.971
564.333
427.989
436.997
412.971
426.99
456.148
424.226
544.035
396.807
412.971
197.336
367.302
523.368
239.771
442.179
575.477
506.007
409.096
509.797
412.971
280.558
336.201
581.853
279.54
618.734
505.356
519.333
537.417
386.265
537.679
405.303
357.492
467.626
418.81
301.83
436.991
487.362
412.971
412.572
677.184
412.971
311.508
287.173
412.971
421.993
412.971
320.115
223.417
468.624
276.849
267.279
576.059
291.457
348.45
334.44
452.318
441.428
304.483
484.654
414.853
412.971
706.538
318.916
382.287
412.971
316.968
381.962
132.589
412.971
284.591
410.82
442.927
455.127
343.596
445.983
412.971
412.971
418.757
314.364
377.463
531.119
412.971
256.19
127.101
441.527
236.654
193.828
493.4
514.591
412.971
188.082
412.971
412.971
395.821
247.452
412.971
468.361
237.793
491.475
425.258
384.36
412.971
412.971
389.255
453.265
558.196
347.726
458.061
427.813
276.016
438.7
403.035
412.971
393.304
351.47
431.866
469.158
90.701
552.354
412.971
628.771
423.075
412.971
258.746
516.882
259.28
603.038
389.789
412.971
412.971
522.686
327.557
336.252
412.971
434.983
345.857
341.403
284.856
412.971
402.591
214.06
469.175
412.971
370.425
570.637
412.971
353.576
464.448
412.971
321.896
412.971
315.829
586.543
412.971
404.853
412.971
392.898
412.971
402.904
564.751
379.411
95.1345
412.971
373.953
322.549
395.37
412.971
412.971
412.971
516.91
300.012
500.61
412.971
468.163
546.665
412.971
454.185
466.169
412.971
253.341
338.268
356.996
359.542
412.971
496.152
457.239
402.704
355.099
604.888
412.971
412.971
412.971
328.213
424.717
431.312
448.115
551.017
412.971
558.514
223.016
576.545
412.971
505.684
557.078
471.094
308.518
443.871
364.57
431.881
412.971
384.783
412.971
221.083
412.971
412.971
262.555
271.896
461.781
429.98
525.023
412.971
364.122
384.607
412.971
435.029
584.878
373.972
412.971
319.09
515.361
315.412
575.835
328.553
463.311
412.971
191.954
412.971
337.854
412.971
376.04
387.464
538.292
431.434
429.824
323.774
412.971
415.498
412.971
392.73
390.687
412.971
282.875
597.884
412.971
412.971
412.971
131.412
467.504
412.971
153.186
412.971
412.971
212.649
411.72
317.043
262.976
459.549
436.136
170.031
412.971
526.518
413.681
395.001
512.524
412.971
412.971
417.128
336.35
332.09
92.8658
352.802
412.971
412.971
713.471
488.412
436.466
620.449
412.971
425.293
426.513
412.971
406.991
472.829
507.522
294.467
575.411
408.591
446.179
201.39
291.898
377.903
482.911
577.697
412.971
387.774
332.322
474.149
412.971
520.103
415.075
452.339
482.827
328.397
412.971
429.555
447.301
559.429
386.015
412.971
412.971
412.971
200.177
393.151
412.971
549.273
469.928
437.964
251.933
412.971
546.127
228.036
487.677
306.956
342.459
412.971
447.815
412.971
393.375
165.987
149.894
412.971
576.829
354.565
529.986
412.971
532.679
313.734
553.272
412.971
489.371
433.405
412.971
336.943
442.279
477.729
459.967
457.243
504.938
273.832
434.894
361.731
436.688
523.953
547.892
412.971
330.252
310.913
254.565
394.543
372.903
437.885
552.24
271.361
582.142
162.026
375.393
151.861
455.42
481.31
598.808
162.747
412.971
353.683
275.738
412.971
412.971
397.246
441.809
412.971
412.971
412.971
500.958
379.574
383.191
306.318
412.971
412.971
630.729
592.099
412.971
198.172
237.638
310.627
412.971
530.82
509.604
412.971
412.971
411.463
412.971
397.991
412.971
412.971
250.349
553.334
412.971
479.945
412.971
412.971
412.971
719.89
314.987
512.109
377.624
401.578
412.971
227.869
412.971
274.665
412.971
414.86
429.331
473.417
209.776
449.633
412.971
412.971
374.057
472.433
412.971
412.971
412.971
412.971
322.176
412.971
428.017
311.309
388.378
170.826
349.146
706.614
470.361
428.485
449.31
118.031
412.971
482.813
412.971
540.032
153.533
412.971
405.45
412.971
412.971
385.271
412.971
292.683
480.426
568.54
412.971
225.291
412.971
310.813
484.53
412.971
480.062
507.805
412.971
412.971
310.766
412.971
297.447
533.602
208.661
305.047
376.781
117.242
270.456
560.923
284.455
454.136
412.971
468.575
388.524
374.607
412.971
412.971
412.971
410.733
401.665
424.133
155.547
207.884
702.944
543.476
412.971
563.491
305.908
294.017
627.353
166.105
428.017
173.937
270.406
388.131
412.971
233.363
412.971
217.146
588.019
412.971
350.877
513.794
412.971
111.668
408.818
412.971
411.618
435.022
412.971
328.448
412.971
412.971
412.971
412.971
412.971
355.851
421.282
235.931
619.131
199.073
430.16
414.05
412.971
20.752
350.236
500.874
412.971
459.452
504.59
166.566
438.979
394.966
277.634
412.971
412.971
442.705
412.971
484.627
412.971
312.42
395.949
189.946
412.971
107.853
278.723
479.082
567.045
567.806
412.971
153.208
543.27
412.971
450.223
252.765
471.107
396.777
496.995
285.441
378.537
412.971
463.674
412.971
412.971
568.638
288.77
531.633
364.589
412.971
485.411
280.499
394.942
271.214
412.971
412.971
405.48
572.899
412.971
328.409
359.888
412.971
461.422
412.971
412.971
377.506
420.643
545.224
412.971
456.196
301.822
412.971
223.145
129.631
321.701
301.901
412.971
330.924
545.09
412.971
207.147
467.292
515.192
412.971
241.724
275.792
383.41
488.468
459.66
375.697
342.993
168.329
257.028
223.408
435.721
194.257
412.971
295.067
349.22
412.971
499.065
551.969
379.349
442.54
222.325
256.166
412.971
351.468
412.971
412.971
557.182
318.337
191.389
308.305
412.971
131.532
255.686
495.645
216.594
327.042
446.202
293.478
412.971
412.971
389.42
341.43
459.334
551.259
462.8
219.943
263.125
385.4
499.814
345.43
412.971
350.45
412.971
606.225
412.476
412.971
312.134
553.29
489.376
405.594
412.971
412.971
412.971
412.971
545.405
471.282
412.971
326.707
412.971
522.113
412.971
275.988
498.31
230.168
531.58
554.782
380.717
121.593
412.971
493.007
412.971
174.957
419.735
394.606
383.934
208.861
412.971
339.74
147.38
268.608
630.834
480.453
287.371
618.877
534.093
412.971
412.971
575.811
412.971
318.812
224.533
529.384
324.773
202.992
412.971
412.971
428.057
412.971
412.971
195.419
137.217
418.225
631.491
412.971
248.449
242.665
340.43
412.971
124.617
327.905
412.971
412.971
323.903
410.083
196.437
412.971
280.855
412.971
412.971
348.306
369.521
412.971
412.971
412.971
412.971
288.489
412.971
412.971
388.055
404.767
380.228
409.717
554.529
412.971
529.026
412.971
412.971
406.58
412.971
427.789
363.817
373.42
412.971
486.37
471.137
451.107
412.971
412.971
540.465
374.782
240.697
546.95
412.971
318.121
578.092
440.493
434.981
412.971
158.112
525.54
403.719
320.403
445.547
417.656
367.194
520.186
237.943
464.99
412.971
412.971
412.971
186.711
197.461
565.245
551.68
504.951
382.473
363.967
412.971
403.755
581.572
398.826
412.971
153.774
109.686
552.58
425.985
132.766
267.808
313.79
445.63
634.705
189.333
412.971
296.962
433.163
515.621
412.971
412.971
412.971
412.971
412.971
412.971
244.913
385.809
409.993
412.971
513.32
336.771
412.971
330.683
284.122
276.102
585.346
408.288
331.457
305.471
412.971
583.92
412.971
523.644
412.971
421.973
394.366
438.933
363.552
518.225
287.555
567.294
412.971
502.712
412.971
412.971
247.267
380.401
305.918
428.699
412.971
412.971
264.441
301.138
231.781
369.147
353.987
447.442
302.813
412.971
414.343
412.971
412.971
210.775
340.665
303.29
292.167
340.957
362.69
412.971
412.971
355.99
277.451
242.783
436.566
384.934
435.021
109.934
437.949
92.7476
421.068
412.971
274.887
550.954
514.763
480.642
368.713
394.548
553.098
412.971
422.158
298.419
552.295
408.622
464.518
549.61
393.541
412.971
336.985
387.977
412.971
412.971
570.041
285.846
412.971
551.627
412.971
374.729
512.352
412.971
385.59
386.925
406.769
440.906
578.833
396.22
412.971
323.41
525.454
409.929
411.646
487.754
412.971
162.346
412.971
383.291
357.958
512.108
504.295
381.664
412.971
412.971
517.822
345.5
412.971
412.971
520.23
336.103
412.971
412.971
543.342
412.971
412.971
412.971
402.525
280.776
412.971
260.384
412.971
274.174
347.998
159.878
259.894
376.908
507.968
412.971
412.971
247.959
412.971
412.971
412.971
412.971
412.971
201.094
384.689
412.282
392.616
356.566
245.688
130.17
412.971
412.971
412.971
412.971
473.464
379.476
412.971
303.807
412.971
313.553
458.329
412.971
412.971
169.151
392.25
316.105
360.116
540.539
387.325
295.912
412.971
135.429
412.971
412.971
560.676
412.971
412.971
164.241
412.971
630.411
477.499
412.971
433.744
412.971
411.453
412.971
412.971
534.55
546.225
238.136
397.694
412.971
412.971
412.971
412.971
178.638
385.475
412.971
385.054
520.58
444.466
409.691
489.268
583.979
320.932
418.335
563.09
180.334
332.34
372.539
203.648
369.811
412.971
254.282
424.261
499.877
289.972
412.971
412.971
412.971
514.751
412.971
412.971
435.273
413.209
412.971
412.971
333.371
412.971
631.032
389.293
412.971
412.971
330.125
465.813
321.043
547.115
471.652
412.971
366.001
417.923
412.971
382.146
180.576
363.703
516.322
412.971
412.971
579.907
137.414
406.353
412.971
383.721
344.85
276.819
412.971
449.251
281.638
373.999
423.762
474.234
412.971
